./V_Images\video_0.jpg 249.0 173.0 0
./V_Images\video_6.jpg 246.875 173.125 0
./V_Images\video_12.jpg 245.33333333333334 173.83333333333334 0
./V_Images\video_18.jpg 242.5 175.0 0
./V_Images\video_24.jpg 240.44444444444446 175.55555555555554 0
./V_Images\video_30.jpg 238.25 176.0 0
./V_Images\video_36.jpg 235.5 176.6 0
./V_Images\video_42.jpg 234.0 177.66666666666666 0
./V_Images\video_48.jpg 230.5 178.5 0
./V_Images\video_54.jpg 228.0 179.0 0
./V_Images\video_60.jpg 225.125 180.125 0
./V_Images\video_66.jpg 223.16666666666666 180.83333333333334 0
./V_Images\video_72.jpg 220.0 182.0 0
./V_Images\video_78.jpg 217.33333333333334 182.22222222222223 0
./V_Images\video_84.jpg 215.0 183.28571428571428 0
./V_Images\video_90.jpg 211.66666666666666 184.11111111111111 0
./V_Images\video_96.jpg 209.5 184.5 0
./V_Images\video_102.jpg 206.5 185.5 0
./V_Images\video_108.jpg 202.8 186.6 0
./V_Images\video_114.jpg 200.0 187.28571428571428 0
./V_Images\video_120.jpg 197.14285714285714 188.28571428571428 0
./V_Images\video_126.jpg 194.5 189.0 0
./V_Images\video_132.jpg 191.2 189.6 0
./V_Images\video_138.jpg 188.5 191.0 0
./V_Images\video_144.jpg 185.5 191.5 0
./V_Images\video_150.jpg 182.0 192.0 0
./V_Images\video_156.jpg 179.0 193.25 0
./V_Images\video_162.jpg 176.33333333333334 194.33333333333334 0
./V_Images\video_168.jpg 173.2 195.6 0
./V_Images\video_174.jpg 170.0 196.28571428571428 0
./V_Images\video_180.jpg 167.2 197.4 0
./V_Images\video_186.jpg 163.44444444444446 198.33333333333334 0
./V_Images\video_198.jpg 157.375 199.625 0
./V_Images\video_210.jpg 150.4 202.2 0
./V_Images\video_216.jpg 147.71428571428572 203.14285714285714 0
./V_Images\video_222.jpg 144.88888888888889 204.11111111111111 0
./V_Images\video_228.jpg 143.125 204.5 0
./V_Images\video_240.jpg 138.75 205.375 0
./V_Images\video_246.jpg 137.46153846153845 206.23076923076923 0
./V_Images\video_252.jpg 136.125 206.125 0
./V_Images\video_258.jpg 134.83333333333334 206.0 0
./V_Images\video_264.jpg 132.88888888888889 206.77777777777777 0
./V_Images\video_270.jpg 131.5 206.8 0
./V_Images\video_276.jpg 130.16666666666666 206.16666666666666 0
./V_Images\video_282.jpg 129.6 205.8 0
./V_Images\video_288.jpg 128.66666666666666 204.77777777777777 0
./V_Images\video_294.jpg 127.33333333333333 203.88888888888889 0
./V_Images\video_300.jpg 126.22222222222223 202.88888888888889 0
./V_Images\video_312.jpg 124.75 200.25 0
./V_Images\video_324.jpg 122.25 197.33333333333334 0
./V_Images\video_336.jpg 120.66666666666667 194.66666666666666 0
./V_Images\video_342.jpg 119.25 192.75 0
./V_Images\video_348.jpg 118.0 191.0 0
./V_Images\video_354.jpg 116.875 189.125 0
./V_Images\video_360.jpg 115.1 187.1 0
./V_Images\video_366.jpg 113.8 185.6 0
./V_Images\video_372.jpg 112.44444444444444 183.22222222222223 0
./V_Images\video_378.jpg 110.88888888888889 181.33333333333334 0
./V_Images\video_384.jpg 109.6 179.1 0
./V_Images\video_390.jpg 108.8 177.0 0
./V_Images\video_396.jpg 106.875 174.5 0
./V_Images\video_402.jpg 105.14285714285714 172.57142857142858 0
./V_Images\video_408.jpg 103.2 170.2 0
./V_Images\video_414.jpg 101.2 168.0 0
./V_Images\video_420.jpg 99.71428571428571 165.14285714285714 0
./V_Images\video_426.jpg 98.0 163.28571428571428 0
./V_Images\video_432.jpg 97.0 160.5 0
./V_Images\video_438.jpg 95.25 158.25 0
./V_Images\video_444.jpg 93.8 155.6 0
./V_Images\video_450.jpg 91.75 153.0 0
./V_Images\video_456.jpg 90.625 150.25 0
./V_Images\video_462.jpg 89.0 147.83333333333334 0
./V_Images\video_468.jpg 87.0 145.5 0
./V_Images\video_474.jpg 86.25 142.25 0
./V_Images\video_480.jpg 84.5 139.0 0
./V_Images\video_486.jpg 83.66666666666667 136.83333333333334 0
./V_Images\video_492.jpg 81.3 133.7 0
./V_Images\video_498.jpg 80.4 130.8 0
./V_Images\video_504.jpg 79.5 128.0 0
./V_Images\video_510.jpg 77.27272727272727 125.36363636363636 0
./V_Images\video_516.jpg 76.2 122.6 0
./V_Images\video_522.jpg 74.66666666666667 119.66666666666667 0
./V_Images\video_528.jpg 73.3 116.7 0
./V_Images\video_534.jpg 71.25 114.0 0
./V_Images\video_540.jpg 69.71428571428571 111.14285714285714 0
./V_Images\video_546.jpg 67.9 108.2 0
./V_Images\video_552.jpg 66.66666666666667 105.11111111111111 0
./V_Images\video_558.jpg 64.85714285714286 102.71428571428571 0
./V_Images\video_564.jpg 63.0 99.71428571428571 0
./V_Images\video_570.jpg 61.0 96.8 0
./V_Images\video_576.jpg 58.714285714285715 94.0 0
./V_Images\video_582.jpg 56.6 91.8 0
./V_Images\video_588.jpg 54.5 89.0 0
./V_Images\video_594.jpg 52.3 86.2 0
./V_Images\video_600.jpg 50.333333333333336 84.33333333333333 0
./V_Images\video_606.jpg 47.333333333333336 81.88888888888889 0
./V_Images\video_618.jpg 41.72727272727273 77.18181818181819 0
./V_Images\video_624.jpg 39.18181818181818 75.18181818181819 0
./V_Images\video_630.jpg 37.44444444444444 73.11111111111111 0
./V_Images\video_648.jpg 32.22222222222222 67.44444444444444 0
./V_Images\video_654.jpg 30.77777777777778 66.11111111111111 0
./V_Images\video_660.jpg 29.6 64.7 0
./V_Images\video_666.jpg 28.384615384615383 63.38461538461539 0
./V_Images\video_672.jpg 27.8 62.6 0
./V_Images\video_678.jpg 26.666666666666668 62.0 0
./V_Images\video_684.jpg 26.3 61.8 0
./V_Images\video_690.jpg 25.333333333333332 61.0 0
./V_Images\video_696.jpg 25.3 60.2 0
./V_Images\video_702.jpg 24.5 59.714285714285715 0
./V_Images\video_708.jpg 25.0 58.75 0
./V_Images\video_714.jpg 24.77777777777778 58.666666666666664 0
./V_Images\video_720.jpg 24.384615384615383 56.76923076923077 0
./V_Images\video_726.jpg 25.0 56.0 0
./V_Images\video_732.jpg 24.928571428571427 55.214285714285715 0
./V_Images\video_744.jpg 26.76923076923077 54.92307692307692 0
./V_Images\video_750.jpg 27.076923076923077 54.84615384615385 0
./V_Images\video_756.jpg 28.25 54.5 0
./V_Images\video_762.jpg 29.25 54.5 0
./V_Images\video_768.jpg 29.77777777777778 54.666666666666664 0
./V_Images\video_774.jpg 31.11111111111111 54.22222222222222 0
./V_Images\video_780.jpg 32.666666666666664 54.0 0
./V_Images\video_786.jpg 34.0 54.0 0
./V_Images\video_792.jpg 34.81818181818182 53.81818181818182 0
./V_Images\video_798.jpg 36.5 53.8 0
./V_Images\video_804.jpg 38.0 53.666666666666664 0
./V_Images\video_810.jpg 39.6 53.3 0
./V_Images\video_816.jpg 41.166666666666664 53.5 0
./V_Images\video_822.jpg 42.666666666666664 53.166666666666664 0
./V_Images\video_828.jpg 44.714285714285715 53.0 0
./V_Images\video_834.jpg 46.44444444444444 53.333333333333336 0
./V_Images\video_840.jpg 48.785714285714285 53.07142857142857 0
./V_Images\video_846.jpg 51.625 53.25 0
./V_Images\video_852.jpg 53.18181818181818 53.18181818181818 0
./V_Images\video_858.jpg 55.083333333333336 52.666666666666664 0
./V_Images\video_864.jpg 58.0 53.15384615384615 0
./V_Images\video_870.jpg 60.333333333333336 53.416666666666664 0
./V_Images\video_876.jpg 62.888888888888886 53.333333333333336 0
./V_Images\video_882.jpg 65.45454545454545 53.54545454545455 0
